25 23 94
21 -68 42
-10 -93 -38
46 -73 14
-35 -37 100
-78 56 -89
15 92 40
-49 60 20
90 9 97
33 -83 -52
60 46 -77
-5 -87 62
-83 -51 35
-35 -18 -65
18 43 -71
-38 -73 -14
9 -18 -22
51 92 75
20 -44 92
-33 -78 30
10 -58 20
-4 -19 -95
-63 -87 53
-12 -96 83
-10 -28 40
16 34 -100
42 64 51
25 -73 38
47 -47 -79
27 -69 -46
-43 0 -26
-18 83 -34
71 61 -40
59 43 65
-94 60 -12
92 -51 24
5 2 66
-8 -79 23
-43 -91 97
-64 92 37
57 42 -84
56 83 -40
-87 -86 -78
-83 38 74
14 -13 -60
18 -30 1
77 37 5
26 -8 -44
-85 50 93
46 84 -61
-57 -86 -53
40 16 41
-73 89 -51
52 -24 -68
-46 21 -5
-51 -23 -33
1 43 64
-48 43 40
-27 -75 -38
35 22 7
-5 -54 -93
-84 84 27
56 -43 25
-9 99 69
-83 -28 49
-51 54 -44
-52 -32 26
-89 85 -67
24 -34 25
39 -78 -99
26 -95 99
23 89 -41
20 -75 -84
32 -40 31
-37 -64 15
-39 -37 -93
-96 -12 -60
72 86 -19
83 -44 5
81 -79 -60
44 25 -93
89 -56 -3
-33 82 -37
-71 54 -89
70 -23 -24
96 -80 -14
77 16 17
59 55 7
51 -94 -9
-35 38 -66
92 -33 45
-12 64 -39
75 4 96
-38 -81 -22
7 -97 90
-48 -60 29
36 -50 71
-55 68 -28
-43 83 -38
37 23 54
-56 23 60
0 93 -90
-69 -79 -64
-87 100 60
94 0 -99
39 -51 88
-38 -60 -80
-23 -36 86
-11 100 -59
-43 30 -72
-68 22 90
-72 -44 -57
-24 84 84
-30 47 -22
20 25 -95
70 77 -59
58 -50 -46
-87 76 -63
-20 -93 76
61 -93 71
-9 88 54
-68 -92 72
-62 -47 -16
-70 82 29
-14 -18 67
-79 -66 61
6 -80 45
51 -65 80
16 61 -20
-10 82 48
-82 -90 99
8 -31 26
-12 64 69
-98 -46 62
-82 -40 84
44 4 -11
-18 81 -4
65 -80 -97
-71 -17 32
27 -21 49
100 31 -65
-22 3 89
-81 -99 -50
-67 -4 -94
76 -23 -99
-71 61 -81
54 -31 100
2 -42 -34
-16 53 92
-73 8 -10
-69 55 -72
74 -72 69
-23 -92 9
0 67 71
-81 80 68
46 96 26
53 -100 -34
-73 50 60
25 48 -31
97 83 -77
44 97 -57
-6 -99 -57
87 -90 -93
81 -67 14
40 27 -85
99 54 93
39 85 11
93 25 19
-16 -7 -32
-61 8 -30
3 24 24
-76 60 -65
-8 51 51
-36 -61 3
28 -63 -82
-20 71 17
-91 26 53
47 54 18
9 51 -44
-79 -41 22
-12 -40 -86
43 43 62
-100 -12 -7
72 -9 -33
-46 -88 -94
95 55 -93
10 -25 -3
73 -81 -67
-96 -12 -3
43 20 36
4 19 -60
-9 27 59
-38 -65 -31
-82 53 19
85 -93 80
-83 35 -50
12 15 43
-69 91 97
90 68 -51
-69 -74 60
83 64 -31
17 39 -24
-53 37 8
-23 59 -97
84 -39 85
55 5 34
94 -1 -69
-51 -41 67
-7 -37 -36
-46 -31 -60
47 -89 90
62 -28 -45
39 -29 74
5 -72 -92
86 -39 82
-81 -34 -25
59 -48 -36
-18 83 24
-91 24 -66
0 95 80
-80 -88 -50
-63 -92 -1
-77 -27 54
83 -30 -78
-87 -71 -86
2 -77 -11
-9 1 -65
10 87 -39
59 24 -60
-71 7 -17
-8 -48 26
-7 48 -73
-96 -31 20
-70 -68 -66
14 98 -18
9 -77 -91
78 80 74
-82 51 93
62 59 -86
74 47 -27
85 91 42
50 -87 -31
81 83 100
-88 -22 -20
-53 31 62
89 -73 -7
-52 -81 -35
-70 -99 14
-49 -45 -56
-7 -35 3
19 98 -50
-93 6 -72
-78 39 16
90 83 -38
57 73 60
-64 -93 17
-65 52 -98
15 -93 71
-82 -10 24
19 -68 85
-77 77 -19
84 -86 84
-45 -1 42
-40 -3 -44
49 3 -16
97 -62 -23
60 -20 73
54 -84 -8
87 -45 -12
-7 -4 -1
-100 -99 100
32 -56 -13
38 80 85
-21 29 17
-40 81 -96
42 79 -22
-55 -91 -26
-46 21 -35
-100 -33 40
98 -95 -62
85 -55 -24
97 49 -39
14 17 59
82 -71 58
19 81 -11
-66 22 -1
21 80 12
2 19 -49
100 -46 -7
-84 -13 -19
24 58 -25
3 -93 -91
-89 42 12
27 60 88
-91 90 -78
-63 100 -76
-21 -71 -88
-79 -32 43
-93 -84 -42
23 -16 59
