100 46 -33
-69 -97 4
-90 -76 -90
21 92 -75
-97 -28 47
23 -79 98
76 -97 -31
82 7 90
28 -100 -63
-94 -57 70
-53 -87 50
9 96 -29
-88 71 -35
100 -56 79
-65 38 -85
90 90 28
95 -29 -70
80 -75 -54
90 61 -95
-97 -21 -86
46 86 -98
26 -10 -96
51 -81 92
93 -28 -86
-93 11 73
-64 87 46
72 40 19
-21 -10 11
-99 40 38
-15 15 -88
-2 -10 -64
-95 -59 39
-42 98 98
-91 72 -3
95 -88 69
-96 -58 -89
-73 97 -41
-69 54 -7
35 -97 91
53 48 67
48 29 44
-53 44 47
63 93 62
35 -44 82
100 -86 -32
-91 62 82
-100 -44 20
60 -88 -11
-34 -74 -89
72 96 27
81 -26 81
-94 -79 -83
-63 -98 -79
100 6 -18
-37 -79 100
-98 15 65
95 -84 18
-95 33 -87
64 27 -99
-63 96 -79
54 100 -61
-92 56 73
-70 95 -68
89 62 24
83 61 -54
61 -79 37
98 -86 -70
72 70 95
-81 97 18
-64 45 91
-16 66 53
-97 3 82
16 37 -27
-84 61 93
74 65 47
65 55 -89
94 1 78
99 16 -88
-95 -78 45
10 -8 -90
-64 51 -14
7 59 16
-93 0 43
43 -19 94
-7 1 65
32 56 29
96 45 67
100 -79 84
-74 69 57
70 94 -77
-11 -92 68
-11 -48 100
-28 -97 -14
37 92 43
-87 -91 12
-97 98 -70
-47 -39 68
-95 1 -69
41 86 63
95 79 46
-72 -57 39
-69 -93 -64
-82 -16 -88
-64 58 -4
94 -28 -61
-56 -100 -86
-72 -5 51
94 16 100
-27 19 -71
-82 37 25
27 91 -77
76 -36 -65
-24 99 -69
-2 0 17
-57 -49 36
-88 -87 11
76 -98 64
88 -78 -73
98 -100 -59
74 68 73
19 66 95
1 17 85
82 -1 57
40 85 6
-54 63 -52
15 71 -8
81 88 -8
-33 -79 32
3 5 -86
73 -47 -85
100 -39 22
97 69 -92
6 100 -54
-53 -94 -64
-83 -99 56
69 -93 83
-92 -55 -54
27 -99 91
90 97 10
-67 -91 -60
89 -74 -66
-93 51 88
-99 -86 61
98 -34 98
-3 -90 -99
67 -83 -94
100 99 -50
-12 26 -59
52 -15 25
79 -62 62
56 -67 35
-32 76 71
-16 14 -20
-72 -22 -40
81 -85 -79
67 99 24
-34 87 -43
-33 44 62
86 45 54
-61 40 -40
95 74 49
19 -73 21
-2 -44 79
-77 76 75
-72 63 -67
-4 26 -87
48 -35 -22
75 -71 42
30 -69 -32
-9 23 53
-31 -12 5
-80 44 98
74 -2 -15
-46 99 21
100 -4 -4
-8 93 -50
-10 85 90
-99 -3 67
87 74 44
-67 -92 86
96 64 -21
-58 -60 -91
20 -99 56
53 71 97
44 99 -21
88 43 -83
-100 32 -88
-83 70 71
-84 81 -98
-94 -96 -68
-49 90 38
49 -49 97
-92 -71 57
-99 80 -65
35 -89 67
51 -14 72
-65 -1 72
-48 -59 6
-14 65 -96
-60 64 52
75 -92 -89
-9 61 -100
-43 -56 69
44 -91 35
65 47 -62
66 -49 -56
3 -92 -53
76 -77 -43
71 13 -19
-36 67 94
-72 -99 78
80 82 13
84 -13 -40
50 42 17
-30 67 -40
69 -95 -37
-76 60 60
74 81 33
97 -78 79
34 8 -98
300 -78 14
-77 -72 70
7 10 -99
91 99 8
-26 -96 83
39 96 96
-98 11 78
12 55 -98
39 -97 69
-100 -92 -53
-95 99 -70
-42 49 70
-6 -68 -6
-100 64 16
-65 -74 -92
53 4 100
72 32 -72
-36 49 -65
-80 44 -91
36 53 98
65 -85 100
45 -19 88
-8 79 -67
-95 91 14
16 49 42
49 -29 28
4 27 -29
-33 4 9
-10 -94 94
52 34 90
86 84 3
24 -58 -36
-57 -68 -18
-58 -39 23
-53 4 65
-18 14 -3
-87 -95 26
16 96 25
-88 -5 -56
99 65 50
-20 -55 -16
92 -41 25
-51 90 -96
40 68 -74
-69 92 83
-13 -52 0
34 -9 -34
-22 -52 -48
-57 -29 92
-10 57 -47
-30 -82 -35
-62 11 -70
66 99 49
9 84 95
-66 -58 99
34 91 78
-46 30 -41
-64 36 -59
15 9 72
64 47 -57
79 80 -20
-38 32 4
-97 19 95
-39 13 98
100 -61 -31
-24 -66 0
-60 -51 -87
53 -30 92
75 -20 -77
-43 -2 -43
72 -82 78
-35 8 95
96 72 40
33 45 -47
99 85 -57
-57 13 61
-31 27 -79
-23 -3 88
97 64 -92
-26 81 55
47 32 51
-48 31 -64
18 -30 94
25 -10 -46
88 71 -55
60 6 95
90 -90 -69
50 -60 -2
-69 -58 24
84 -78 -86
-62 -70 -61
-88 0 82
-85 -99 -78
-35 -53 -46
51 -29 -72
-31 25 11
-61 -76 86
-81 -96 23
2 98 -57
37 -97 11
73 -42 -71
88 79 -92
-34 60 -15
-4 -1 43
88 -100 16
-35 64 -14
24 -36 -75
-56 -11 -99
-71 -70 -38
-63 -74 -100
-99 -80 33
-72 85 48
-95 7 48
-54 -58 -58
78 -26 -68
-46 12 87
56 -9 73
-4 -13 52
-98 5 -77
79 63 -56
15 84 67
-62 87 -25
-98 59 -25
-97 -92 -45
300 25 23
-89 15 92
-95 -63 -87
-100 42 64
65 -94 60
97 -64 92
-93 -84 84
-99 26 -95
-93 -96 -12
-93 89 -56
-24 96 -80
96 -38 -81
29 36 -50
54 -56 23
-64 -87 100
60 94 0
-99 39 -51
86 -11 100
-59 -43 30
-57 -24 84
-95 70 77
-59 58 -50
76 61 -93
71 -9 88
67 -79 -66
80 16 61
26 -12 64
69 -98 -46
-11 -18 81
-97 -71 -17
49 100 31
-65 -22 3
89 -81 -99
-94 76 -23
-99 -71 61
-34 -16 53
69 -23 -92
68 46 96
26 53 -100
-34 -73 50
-31 97 83
-77 44 97
-57 -6 -99
-57 87 -90
-93 81 -67
14 40 27
-85 99 54
19 -16 -7
51 -36 -61
17 -91 26
22 -12 -40
62 -100 -12
-33 -46 -88
-94 95 55
-3 43 20
59 -38 -65
-50 12 15
43 -69 91
97 90 68
60 83 64
-97 84 -39
85 55 5
67 -7 -37
-36 -46 -31
-45 39 -29
-25 59 -48
-50 -63 -92
-78 -87 -71
-86 2 -77
-39 59 24
-73 -96 -31
-66 14 98
-91 78 80
74 -82 51
-27 85 91
100 -88 -22
-20 -53 31
-35 -70 -99
14 -49 -45
16 90 83
17 -65 52
85 -77 77
-44 49 3
-12 -7 -4
-1 -100 -99
-13 38 80
-96 42 79
-22 -55 -91
-35 -100 -33
40 98 -95
-62 85 -55
-11 -66 22
-49 100 -46
-91 -89 42
88 -91 90
-78 -63 100
-76 -21 -71
